0.000000000000000000e+00 1.000000000000000000e+00
0.000000000000000000e+00 7.032492574157359622e-01
0.000000000000000000e+00 4.762398065326229335e-01
0.000000000000000000e+00 3.225091958118226909e-01
0.000000000000000000e+00 2.184029553347919261e-01
0.000000000000000000e+00 1.479022979377368485e-01
0.000000000000000000e+00 1.001593119549621103e-01
0.000000000000000000e+00 6.782780194202656099e-02
0.000000000000000000e+00 4.593293051329570137e-02
0.000000000000000000e+00 3.110574196909045991e-02
0.000000000000000000e+00 2.106478233883998102e-02
0.000000000000000000e+00 1.426505290964064088e-02
0.000000000000000000e+00 9.660281850605297732e-03
0.000000000000000000e+00 6.541934731658857749e-03
0.000000000000000000e+00 4.430192681498841198e-03
0.000000000000000000e+00 3.000122763431502942e-03
0.000000000000000000e+00 2.031680615890212212e-03
0.000000000000000000e+00 1.375852406873775014e-03
0.000000000000000000e+00 9.317260944929207749e-04
0.000000000000000000e+00 6.309641287262539658e-04
0.000000000000000000e+00 4.272883780892169502e-04
0.000000000000000000e+00 2.893593308048810387e-04
0.000000000000000000e+00 1.959538958168579345e-04
0.000000000000000000e+00 1.326998136849309414e-04
0.000000000000000000e+00 8.986420204455154584e-05
0.000000000000000000e+00 6.085596181506901524e-05
0.000000000000000000e+00 4.121160623427721760e-05
0.000000000000000000e+00 2.790846513231122516e-05
0.000000000000000000e+00 1.889958915004885187e-05
0.000000000000000000e+00 1.279878590052234008e-05
0.000000000000000000e+00 8.667327063402646882e-06
0.000000000000000000e+00 5.869506608507771395e-06
0.000000000000000000e+00 3.974824946064909096e-06
0.000000000000000000e+00 2.691748115413843507e-06
0.000000000000000000e+00 1.822849556299410819e-06
0.000000000000000000e+00 1.234432181768851959e-06
0.000000000000000000e+00 8.359564368166888039e-07
0.000000000000000000e+00 5.661089969753470989e-07
0.000000000000000000e+00 3.833685373328969826e-07
0.000000000000000000e+00 2.172919039588493199e-07
0.000000000000000000e+00 0.000000000000000000e+00
