1814.367379479701
1794.869918213654
1767.643683245893
1751.130664667764
1742.280867773872
1737.125497705683
1734.472018156123
1732.965929116050
1732.223816653028
1731.806839034066
1731.227473207934
1729.388051194995
1724.444560786527
1715.806962913014
1701.594433311875
1679.396266072843
1646.795097365407
1607.311994636657
1565.368456243386
1524.404708030317
1482.529516004906
1437.790384604110
1391.631204699110
1347.685777308994
1308.604820254698
1274.960083807160
1246.733818753972
1222.406154074106
1201.464131932134
1182.601110647907
1165.798820002922
1150.635754976908
1136.975819128348
1124.200778916125
1111.943417621143
1099.798821261219
1087.544376181137
1074.738143900993
1061.220359417453
1046.923354503245
1011.715624951468
