   1814.36737947970     
   1792.34319259963     
   1768.56469786413     
   1751.02355678997     
   1743.14781118964     
   1739.05595549039     
   1737.18718510223     
   1736.26558757407     
   1735.81697017846     
   1735.58260028621     
   1734.94790701436     
   1731.62871213735     
   1723.33394375354     
   1710.39088146400     
   1693.90268855152     
   1673.25550184594     
   1644.90992745317     
   1609.44461070657     
   1573.96920196779     
   1539.73095678305     
   1502.66559463887     
   1458.44557299228     
   1407.90589610877     
   1358.56855617901     
   1315.71861648315     
   1280.85537502770     
   1252.55824462782     
   1228.58195259117     
   1208.66322457792     
   1191.43368865001     
   1175.46761279045     
   1160.96782542726     
   1148.03391398208     
   1136.56755517585     
   1125.21249060861     
   1113.50032077688     
   1101.93010896657     
   1090.13699731742     
   1078.31629052558     
   1064.60170331502     
   1053.23148943154     
