    207.061630
    203.882156
    200.794128
    194.452332
    183.233841
    170.154037
    158.007919
    146.728821
    136.254868
    126.528580
    117.496574
    109.494690
    105.313461
    102.741867
    101.428276
    100.523964
    100.507790
    100.947418
    101.877357
    103.600578
    106.447105
    115.674751
    127.189903
    134.979187
    141.452454
    147.534439
    153.135681
    157.719406
    160.958328
    162.892853
    163.824783
    164.067673
    163.877594
    163.433014
    162.868790
    162.231995
    161.666183
    160.762939
    160.194809
    159.520569
    158.916901
    158.383118
    157.803589
    157.294098
    156.797318
    156.318985
    155.851013
    155.390366
    154.799530
    154.198914
    153.505707
    152.666519
    151.866898
    150.950043
    149.989105
    148.867355
    147.823456
    146.719696
    145.673386
    144.717300
    143.766266
    143.085037
    142.028641
    140.476837
