    119.164253 
    116.901894 
    113.116150 
    107.577103 
    100.836052 
     93.657440 
     86.384628 
     79.327644 
     72.847168 
     67.640099 
     62.564659 
     58.551468 
     55.772476 
     53.704025 
     52.305038 
     51.388248 
     50.884293 
     50.295330 
     50.251633 
     50.459595 
     50.893597 
     51.542858 
     52.393688 
     53.429031 
     54.650146 
     56.086311 
     57.807484 
     59.985245 
     63.062759 
     68.408493 
     75.947052 
     83.495445 
     90.629227 
     96.847900 
    101.784897 
    105.435799 
    107.990479 
    109.710449 
    110.845413 
    111.404816 
