   85.0000000000000     
   159.828144910884     
   157.834185512611     
   154.467515650738     
   149.470641260418     
   143.267902136150     
   136.502941041352     
   129.464027072718     
   122.435622729167     
   115.788779725343     
   109.502783678742     
   103.558044759055     
   97.9360366379465     
   92.6192387531585     
   87.5910817070047     
   82.8358956290984     
   78.3388613423887     
   74.0859641803186     
   70.0639503111789     
   66.2602854335456     
   62.6631157140798     
   59.2612308459540     
   56.7040219436054     
   55.3186212422876     
   54.6761571677346     
   54.0081741116929     
   53.4978125830990     
   53.3455123237494     
   53.6615186138180     
   54.4310439325637     
   55.6327982866142     
   57.2310975164838     
   59.1822917571943     
   61.5032526129095     
   64.1119603749574     
   67.0449067274830     
   70.2470390601042     
   73.7352084163083     
   77.5384069830965     
   81.6344197170136     
   86.0441863872688     
   90.8169415018515     
   97.7175875870112     
   104.096463926519     
   107.285589290796     
   109.392352526528     
   110.966254805010     
   112.080546762262     
   112.932083608816     
