    116.254639 
    113.981781 
    110.181450 
    104.627975 
     97.881020 
     90.948845 
     84.368988 
     78.128967 
     72.680679 
     66.572334 
     61.309086 
     56.900478 
     53.364895 
     50.696857 
     48.740692 
     47.345196 
     46.380821 
     45.794872 
     45.761707 
     46.885082 
     45.668114 
     44.951180 
     44.557751 
     44.347290 
     44.266956 
     44.297752 
     44.432907 
     44.676472 
     45.051270 
     45.593483 
     46.349792 
     47.361664 
     48.643536 
     50.179241 
     51.915287 
     53.752735 
     55.551617 
     57.213619 
     58.776649 
     60.432545 
