  0.000000e+00  1.000000e+00
  2.003321e+02  9.603144e-01
  5.367537e+02  8.951618e-01
  1.080270e+03  7.928799e-01
  1.762208e+03  6.677978e-01
  2.447319e+03  5.434011e-01
  3.045641e+03  4.334547e-01
  3.550391e+03  3.371198e-01
  3.920701e+03  2.614269e-01
  4.182408e+03  2.019854e-01
  4.357554e+03  1.553281e-01
  4.464216e+03  1.187310e-01
  4.516881e+03  9.004640e-02
  4.526864e+03  6.758713e-02
  4.502737e+03  5.002683e-02
  4.450642e+03  3.632348e-02
  4.374420e+03  2.566121e-02
  4.275447e+03  1.740466e-02
  4.151766e+03  1.106256e-02
  3.995513e+03  6.269995e-03
  3.784442e+03  2.793955e-03
  3.448743e+03  6.252776e-04
  2.856524e+03  1.295280e-05
  2.250079e+03  7.181899e-09
  1.769975e+03  3.728371e-14
  1.392311e+03  1.074034e-22
  1.095231e+03  1.694076e-36
  8.615392e+02  8.389505e-59
  6.777107e+02  7.531460e-95
  5.331061e+02 4.192529e-153
  4.193561e+02 3.013189e-247
  3.298772e+02  0.000000e+00
  2.594906e+02  0.000000e+00
  2.041225e+02  0.000000e+00
  1.605685e+02  0.000000e+00
  1.263076e+02  0.000000e+00
  9.935711e+01  0.000000e+00
  7.815707e+01  0.000000e+00
  6.148053e+01  0.000000e+00
  4.836230e+01  0.000000e+00
  3.804313e+01  0.000000e+00
  2.992579e+01  0.000000e+00
  2.354046e+01  0.000000e+00
  1.851758e+01  0.000000e+00
  1.456644e+01  0.000000e+00
  1.145837e+01  0.000000e+00
  9.013474e+00  0.000000e+00
  7.090250e+00  0.000000e+00
  5.577388e+00  0.000000e+00
  4.387329e+00  0.000000e+00
  3.451195e+00  0.000000e+00
  2.714806e+00  0.000000e+00
  2.135542e+00  0.000000e+00
  1.679877e+00  0.000000e+00
  1.321438e+00  0.000000e+00
  1.039480e+00  0.000000e+00
  8.176839e-01  0.000000e+00
  6.432129e-01  0.000000e+00
  5.059692e-01  0.000000e+00
  3.980095e-01  0.000000e+00
  3.130853e-01  0.000000e+00
  2.462817e-01  0.000000e+00
  1.937320e-01  0.000000e+00
  1.523950e-01  0.000000e+00
  0.000000e+00  0.000000e+00
