    190.892334 
    187.734894 
    182.433655 
    174.635391 
    165.073975 
    154.800095 
    144.286331 
    133.973984 
    124.398628 
    115.507698 
    107.252182 
    101.030197 
     96.816986 
     92.969917 
     90.557701 
     87.617126 
     85.902977 
     84.948982 
     84.744682 
     85.134018 
     86.088142 
     87.467094 
     88.984268 
     93.874413 
    102.046089 
    107.962296 
    114.479904 
    120.918861 
    126.569077 
    131.219650 
    134.873032 
    137.721420 
    139.936432 
    141.686111 
    143.038513 
    144.128937 
    144.921021 
    145.526794 
    145.977051 
    146.314087 
    146.555435 
    146.702499 
    146.713043 
    146.691864 
    146.599396 
    146.409561 
    146.223938 
    146.004242 
    145.767395 
    145.499008 
    145.131317 
    144.799377 
    144.398010 
    143.905121 
    143.400558 
    142.724808 
    142.014938 
    141.210342 
    140.390579 
    139.512817 
    138.538406 
    137.592789 
    136.362564 
    130.476074 
