  0.000000e+00  1.000000e+00
  0.000000e+00  9.609816e-01
  0.000000e+00  8.969542e-01
  0.000000e+00  7.964810e-01
  0.000000e+00  6.736744e-01
  0.000000e+00  5.515580e-01
  0.000000e+00  4.436066e-01
  0.000000e+00  3.489533e-01
  0.000000e+00  2.744964e-01
  0.000000e+00  2.159265e-01
  0.000000e+00  1.698538e-01
  0.000000e+00  1.336117e-01
  0.000000e+00  1.051027e-01
  0.000000e+00  8.267672e-02
  0.000000e+00  6.503581e-02
  0.000000e+00  5.115898e-02
  0.000000e+00  4.024308e-02
  0.000000e+00  3.165633e-02
  0.000000e+00  2.490175e-02
  0.000000e+00  1.994038e-02
  0.000000e+00  1.632580e-02
  0.000000e+00  1.336644e-02
  0.000000e+00  1.094351e-02
  0.000000e+00  8.959792e-03
  0.000000e+00  7.335657e-03
  0.000000e+00  6.116267e-03
  0.000000e+00  5.211939e-03
  0.000000e+00  4.441321e-03
  0.000000e+00  3.784644e-03
  0.000000e+00  3.225061e-03
  0.000000e+00  2.748216e-03
  0.000000e+00  2.341875e-03
  0.000000e+00  2.033085e-03
  0.000000e+00  1.803184e-03
  0.000000e+00  1.599281e-03
  0.000000e+00  1.418435e-03
  0.000000e+00  1.258039e-03
  0.000000e+00  1.115781e-03
  0.000000e+00  9.896086e-04
  0.000000e+00  8.777041e-04
  0.000000e+00  7.784537e-04
  0.000000e+00  6.904265e-04
  0.000000e+00  6.123533e-04
  0.000000e+00  5.431087e-04
  0.000000e+00  4.816942e-04
  0.000000e+00  4.272244e-04
  0.000000e+00  3.789141e-04
  0.000000e+00  3.360666e-04
  0.000000e+00  2.980644e-04
  0.000000e+00  2.643594e-04
  0.000000e+00  2.344657e-04
  0.000000e+00  2.079525e-04
  0.000000e+00  1.844373e-04
  0.000000e+00  1.635812e-04
  0.000000e+00  1.450835e-04
  0.000000e+00  1.286775e-04
  0.000000e+00  1.141267e-04
  0.000000e+00  1.012213e-04
  0.000000e+00  8.977526e-05
  0.000000e+00  7.962352e-05
  0.000000e+00  7.061972e-05
  0.000000e+00  6.263408e-05
  0.000000e+00  5.555144e-05
  0.000000e+00  4.926971e-05
  0.000000e+00  4.369831e-05
  0.000000e+00  3.875693e-05
  0.000000e+00  3.437431e-05
  0.000000e+00  3.048728e-05
  0.000000e+00  2.703979e-05
  0.000000e+00  2.398214e-05
  0.000000e+00  2.127025e-05
  0.000000e+00  1.886502e-05
  0.000000e+00  1.673177e-05
  0.000000e+00  1.483975e-05
  0.000000e+00  1.246212e-05
  0.000000e+00  1.035334e-05
  0.000000e+00  9.182592e-06
  0.000000e+00  8.144228e-06
  0.000000e+00  7.223282e-06
  0.000000e+00  6.406477e-06
  0.000000e+00  5.682035e-06
  0.000000e+00  5.039513e-06
  0.000000e+00  4.469647e-06
  0.000000e+00  3.964221e-06
  0.000000e+00  3.515949e-06
  0.000000e+00  3.118367e-06
  0.000000e+00  2.765743e-06
  0.000000e+00  2.452994e-06
  0.000000e+00  2.175611e-06
  0.000000e+00  1.929594e-06
  0.000000e+00  1.711396e-06
  0.000000e+00  1.517872e-06
  0.000000e+00  1.346232e-06
  0.000000e+00  1.194001e-06
  0.000000e+00  1.058983e-06
  0.000000e+00  9.572510e-07
  0.000000e+00  0.000000e+00
