    192.243942 
    189.064255 
    183.725494 
    175.872025 
    166.242859 
    155.896118 
    145.307892 
    134.922546 
    125.279465 
    116.325584 
    108.011650 
    101.282166 
     96.899605 
     93.853462 
     91.298454 
     88.499985 
     86.843048 
     85.948364 
     85.814171 
     86.301865 
     87.396843 
     88.913101 
     90.557098 
     96.055000 
    105.262772 
    111.785294 
    118.774780 
    125.345757 
    130.814423 
    135.195206 
    138.588852 
    141.246735 
    143.309616 
    144.931320 
    146.179062 
    147.195251 
    147.947205 
    148.520264 
    148.945648 
    149.262634 
    149.490738 
    149.617783 
    149.659698 
    149.601929 
    149.487061 
    149.334518 
    149.123154 
    148.877197 
    148.579407 
    148.273804 
    147.908646 
    147.524918 
    147.102203 
    146.657669 
    146.146835 
    145.554977 
    144.893600 
    144.197479 
    143.462250 
    142.750931 
    142.193039 
