50.000
1.0
3.0
8.0
15.0
25.0
35.0
47.0
59.0
71.0
83.0
95.0
107.0
119.0
131.0
143.0
155.0
167.0
179.0
191.0
201.0
211.0
221.0
231.0
241.0
251.0
259.0
267.0
275.0
283.0
291.0
299.0
307.0
313.0
319.0
325.0
331.0
337.0
343.0
349.0
355.0
361.0
367.0
373.0
379.0
385.0
391.0
397.0
403.0
409.0
415.0
421.0
427.0
433.0
439.0
445.0
451.0
457.0
463.0
469.0
475.0
481.0
487.0
493.0
499.0
505.0
511.0
517.0
523.0
529.0
535.0
541.0
547.0
553.0
559.0
571.0
577.0
583.0
589.0
595.0
601.0
607.0
613.0
619.0
625.0
631.0
637.0
643.0
649.0
655.0
661.0
667.0
673.0
679.0
685.0
691.0
695.0
707.0
719.0
731.0
