0.000000000000000E+000     1.00000000000000
1.24085069187180     0.960976347906815
3.32296938773837     0.896940675577771
6.68423131635399     0.796459337424085
10.8996580219698     0.673638239542538
15.1373321560683     0.551507841698280
18.8460859380543     0.443542601071068
21.9891793879573     0.348881137386102
24.3151066848739     0.274416525812127
25.9846818011509     0.215839793088446
27.1351272269840     0.169760952141883
27.8797386562866     0.133518882501963
28.3106285987444     0.105008314854449
28.5013292272338     8.258167014917273E-002
28.5101978249079     6.494083856865811E-002
28.3831654965574     5.106443153644469E-002
28.1561482028498     4.014917629373640E-002
27.8570754321685     3.156351895677618E-002
27.5075069815119     2.481006506107276E-002
27.1240053088677     1.949801958163232E-002
26.7191809130691     1.531980543734722E-002
26.3025258035515     1.203329991984735E-002
25.8811658036937     9.448435022691290E-003
25.4603098185901     7.415439733008837E-003
25.0436766340156     5.816441063157917E-003
24.6338987397331     4.558923905057500E-003
24.2326947857527     3.570005567323804E-003
23.8410704443812     2.792323628529863E-003
23.4595249355922     2.180836280853251E-003
23.0880868306509     1.700059274193940E-003
22.7264301556912     1.322099588059212E-003
22.3739069567312     1.025016061603279E-003
22.0295427588581     7.915377778576092E-004
21.6920697978751     6.081013511179223E-004
21.3597682339747     4.640065838120877E-004
21.0306429727784     3.509191301213136E-004
20.7017043838988     2.621814410514500E-004
20.3691126235344     1.926270153146860E-004
20.0271998240150     1.381778485594594E-004
19.6672211458934     9.564731507992390E-005
19.2743423673101     6.256286534997256E-005
18.8191670137098     3.702235333763364E-005
18.2296832645829     1.770262081858965E-005
17.2343676966202     4.277403702001998E-006
14.5664428932414     2.044144141229067E-008
11.4583708294737     2.021421043535313E-013
9.01347373690634     1.649829862606922E-021
7.09024956644219     1.400482548907333E-034
5.57738785087848     1.052708818971612E-055
4.38732867547512     7.663055588498715E-090
3.45119497178495     5.188065899997703E-145
2.71480611877884     3.607082112052222E-234
2.13554213042539     0.000000000000000E+000
1.67987693827403     0.000000000000000E+000
1.32143800280953     0.000000000000000E+000
1.03947994968212     0.000000000000000E+000
0.817683889440016     0.000000000000000E+000
0.643212928978780     0.000000000000000E+000
0.505969210532930     0.000000000000000E+000
0.398009477847052     0.000000000000000E+000
0.313085344243042     0.000000000000000E+000
0.246281654673190     0.000000000000000E+000
0.193732011235503     0.000000000000000E+000
0.152394997618305     0.000000000000000E+000
0.000000000000000E+000     0.000000000000000E+000

