   180.5122    
   177.5303    
   172.5236    
   165.1582    
   156.1269    
   146.4218    
   136.4893    
   126.7463    
   117.6988    
   109.2971    
   102.0551    
   97.27358    
   93.95081    
   91.58179    
   90.15606    
   87.94461    
   86.97855    
   86.65101    
   87.06585    
   88.10496    
   89.85399    
   92.09840    
   95.29904    
   99.25130    
   104.1458    
   109.9501    
   115.8588    
   121.2045    
   125.6546    
   129.0704    
   131.5621    
   133.4809    
   134.8408    
   135.8592    
   136.5815    
   137.1101    
   137.5010    
   137.7995    
   137.9034    
   137.7959    
   137.5721    
   137.2435    
   136.8884    
   136.4881    
   136.0502    
   135.5753    
   135.0576    
   134.5228    
   134.0019    
   133.5078    
   133.0353    
   132.5783    
   132.1091    
   131.5927    
   131.0028    
   130.3337    
   129.6037    
   128.8021    
   127.9444    
   127.0695    
   126.2124    
   125.4238    
   124.3787    
   125.5259    


