  0.000000e+00  1.000000e+00
  0.000000e+00  9.419529e-01
  0.000000e+00  9.050184e-01
  0.000000e+00  8.528256e-01
  0.000000e+00  7.313836e-01
  0.000000e+00  5.753267e-01
  0.000000e+00  4.525680e-01
  0.000000e+00  3.560026e-01
  0.000000e+00  2.800416e-01
  0.000000e+00  2.202885e-01
  0.000000e+00  1.732851e-01
  0.000000e+00  1.363109e-01
  0.000000e+00  1.072259e-01
  0.000000e+00  8.434690e-02
  0.000000e+00  6.634962e-02
  0.000000e+00  5.219246e-02
  0.000000e+00  4.105604e-02
  0.000000e+00  3.229583e-02
  0.000000e+00  2.540480e-02
  0.000000e+00  1.998412e-02
  0.000000e+00  1.572007e-02
  0.000000e+00  1.236584e-02
  0.000000e+00  9.727317e-03
  0.000000e+00  7.651778e-03
  0.000000e+00  6.019102e-03
  0.000000e+00  4.734793e-03
  0.000000e+00  3.724520e-03
  0.000000e+00  2.929811e-03
  0.000000e+00  2.304671e-03
  0.000000e+00  1.812919e-03
  0.000000e+00  1.426092e-03
  0.000000e+00  1.121804e-03
  0.000000e+00  0.000000e+00
