    230.477127 
    226.872467 
    223.372467 
    216.187820 
    203.489166 
    188.702026 
    174.989426 
    162.273315 
    150.481247 
    139.546082 
    129.405548 
    120.386856 
    115.207817 
    111.826973 
    109.963699 
    108.399063 
    108.208221 
    108.694931 
    109.942368 
    112.029297 
    115.113083 
    119.442856 
    124.932495 
    131.091064 
    137.652344 
    143.157837 
    147.613373 
    151.196823 
    153.962708 
    155.988724 
    157.700272 
    163.804855 
